-7.275654541343789e-04
-1.127086808051038e-18
8.429654992056919e-04
-1.882370344135754e-18
-1.122627212468285e-03
7.179989822534113e-18
1.592795833023333e-03
-3.271583250947931e-18
-2.282247997355070e-03
-5.331535857517985e-18
3.223774932827978e-03
-5.585834427654285e-18
-4.456620944827745e-03
2.546564127219077e-17
6.030489664638455e-03
-8.529986822945176e-18
-8.012240093662035e-03
1.012281506653310e-17
1.049744478228292e-02
-1.172857192013650e-17
-1.363129470622492e-02
1.329564703725942e-17
1.764885115093015e-02
-1.477367333424383e-17
-2.295918891392298e-02
1.611514582978056e-17
3.034161024287675e-02
-1.727694849409582e-17
-4.147795256333690e-02
1.822174003362409e-17
6.076189910518791e-02
-1.891915407090788e-17
-1.043444121456854e-01
1.934677514495469e-17
3.177204320545057e-01
5.000000000000000e-01
3.177204320545057e-01
1.934677514495469e-17
-1.043444121456854e-01
-1.891915407090788e-17
6.076189910518791e-02
1.822174003362409e-17
-4.147795256333690e-02
-1.727694849409582e-17
3.034161024287675e-02
1.611514582978056e-17
-2.295918891392298e-02
-1.477367333424383e-17
1.764885115093015e-02
1.329564703725942e-17
-1.363129470622492e-02
-1.172857192013650e-17
1.049744478228292e-02
1.012281506653310e-17
-8.012240093662035e-03
-8.529986822945176e-18
6.030489664638455e-03
2.546564127219077e-17
-4.456620944827745e-03
-5.585834427654285e-18
3.223774932827978e-03
-5.331535857517985e-18
-2.282247997355070e-03
-3.271583250947931e-18
1.592795833023333e-03
7.179989822534113e-18
-1.122627212468285e-03
-1.882370344135754e-18
8.429654992056919e-04
-1.127086808051038e-18
-7.275654541343789e-04
